Up
    0x0001 - 终端通用应答：
    0x0002 - 终端心跳：
        7e 00 02 00 00 01 98 30 02 70 84 01 52 0e 7e
    0x0003 - 终端注销：

    0x0100 - 终端注册：
        2013
        7e 01 00 00 25 00 00 00 01 00 86 00 01 00 00 00 00 42 54 5f 58 59 42 54 5f 58 59 31 30 31 00 00 00 00 00 00 00 00 00 00 00 00 58 59 36 38 47 58 54 00 d6 7e
    0x0102 - 终端鉴权：
        7e 01 02 00 24 00 00 00 01 00 86 00 02 32 62 62 36 35 33 62 32 2d 39 33 64 64 2d 63 32 61 65 2d 30 65 30 65 2d 32 65 64 32 65 38 32 38 30 65 36 61 fb 7e
    0x0200 - 终端位置上报：
        2013
        无报警
        7e 02 00 00 25 00 00 00 01 00 86 00 04 00 00 00 00 00 00 00 00 01 dd 4c d2 07 39 34 20 00 04 00 00 00 00 22 06 23 13 26 27 31 01 0b e0 01 03 ee 01 02 e9 7e
        0x64:高级驾驶赋值系统报警信息
        7e 02 00 00 4d 00 00 00 01 00 86 00 0b 00 00 00 00 00 00 00 00 01 dd 4d 0c 07 39 33 e8 00 1c 04 60 00 00 22 06 24 15 58 11 64 2f 00 00 00 03 00 03 02 00 00 00 01 78 70 00 1c 01 dd 4d 0c 07 39 33 e8 22 06 24 15 58 11 88 00 58 59 36 38 47 58 54 22 06 24 15 58 11 00 00 00 77 7e


